SHMEM	NUM_PES 1	Max_Key 268435456	Num_Iters 1	Strong Scaling: 134217728 total keys	Round Robin All2All	
TOTAL (sec)	ATA_KEYS (sec)	ATA_KEYS_COUNTS	MAKE_INPUT (sec)	COUNT_BUCKET_SIZES (sec)	BUCKETIZE (sec)	COMPUTE_OFFSETS (sec)	LOCAL_SORT (sec)	
5.003180	0.026270	0	0.782183	0.367985	0.611273	0.000000	3.124297	
0.076071	0.001050	1040503	0.011579	0.003299	0.012659	0.000003	0.039933	
0.076072	0.004604	1040425	0.010963	0.003254	0.009775	0.000002	0.037077	
0.076072	0.004504	1040404	0.011008	0.003231	0.009853	0.000001	0.034714	
0.076072	0.004693	1040394	0.010995	0.003254	0.009644	0.000002	0.036330	
0.076070	0.003971	1040389	0.010931	0.003256	0.010441	0.000001	0.035955	
0.076072	0.005496	1040469	0.010763	0.003231	0.009112	0.000001	0.037043	
0.076072	0.004924	1040287	0.010970	0.003251	0.009456	0.000001	0.035820	
0.076072	0.004841	1040325	0.011040	0.003258	0.009434	0.000003	0.037492	
0.076071	0.005405	1040225	0.011204	0.003253	0.008723	0.000002	0.037881	
0.076072	0.004267	1040457	0.010904	0.003256	0.010173	0.000001	0.037436	
0.076072	0.004815	1040402	0.010998	0.003251	0.009524	0.000002	0.036666	
0.076072	0.004496	1040574	0.010984	0.003263	0.009844	0.000003	0.037156	
0.076072	0.004747	1040371	0.010822	0.003242	0.009792	0.000001	0.036196	
0.076072	0.003916	1040416	0.010987	0.003245	0.010444	0.000002	0.037398	
0.076072	0.005563	1040290	0.010978	0.003250	0.008810	0.000001	0.035942	
0.076072	0.003371	1040228	0.010964	0.003258	0.011004	0.000002	0.037316	
0.076072	0.003317	1040452	0.011407	0.003233	0.010638	0.000001	0.036675	
0.076072	0.005518	1040384	0.010891	0.003252	0.008939	0.000001	0.037179	
0.076072	0.005753	1040405	0.011055	0.003028	0.008766	0.000001	0.037122	
0.076072	0.004374	1040452	0.011031	0.003241	0.009940	0.000003	0.037027	
0.076072	0.003641	1040248	0.011234	0.003262	0.010462	0.000001	0.037608	
0.076072	0.004340	1040365	0.010752	0.003258	0.010253	0.000001	0.037434	
0.076072	0.003694	1040424	0.011388	0.003259	0.010254	0.000002	0.037396	
0.076072	0.005700	1040372	0.010737	0.003230	0.008936	0.000001	0.037129	
0.076072	0.004498	1040472	0.011574	0.003258	0.009250	0.000004	0.037824	
0.076071	0.004915	1040412	0.011075	0.003254	0.009341	0.000003	0.036964	
0.076072	0.004336	1040334	0.011449	0.003255	0.009538	0.000003	0.037273	
0.076072	0.004956	1040554	0.011136	0.003254	0.009244	0.000002	0.037617	
0.076072	0.002886	1040316	0.011454	0.003228	0.011016	0.000003	0.037318	
0.076072	0.004128	1040372	0.011010	0.003256	0.010192	0.000003	0.037217	
0.076072	0.003643	1040446	0.011288	0.003223	0.010445	0.000001	0.037730	
0.076072	0.003278	1040453	0.010894	0.003253	0.011174	0.000001	0.037501	
0.076071	0.003559	1040145	0.011608	0.003228	0.010205	0.000001	0.036498	
0.076071	0.005420	1040461	0.010806	0.003258	0.009118	0.000001	0.036695	
0.076072	0.004649	1040273	0.011592	0.003254	0.009101	0.000001	0.036916	
0.076072	0.004540	1040396	0.010685	0.003252	0.010124	0.000001	0.036460	
0.076072	0.003810	1040470	0.011536	0.003039	0.010212	0.000001	0.037393	
0.076072	0.004081	1040406	0.011093	0.003256	0.010137	0.000004	0.037119	
0.076072	0.004035	1040307	0.011581	0.003256	0.009726	0.000001	0.036760	
0.076071	0.005160	1040505	0.011051	0.003255	0.009107	0.000003	0.037084	
0.076072	0.003364	1040494	0.011569	0.003253	0.010414	0.000001	0.037751	
0.076071	0.005522	1040542	0.011038	0.003262	0.008759	0.000003	0.037182	
0.076072	0.004760	1040255	0.011723	0.003255	0.008842	0.000002	0.037720	
0.076072	0.004998	1040422	0.010915	0.003256	0.009427	0.000001	0.036727	
0.076072	0.003590	1040386	0.011708	0.003240	0.010047	0.000002	0.037383	
0.076073	0.005313	1040402	0.010877	0.003254	0.009158	0.000001	0.037504	
0.076072	0.004308	1040438	0.011600	0.003256	0.009427	0.000003	0.037807	
0.076073	0.005009	1040359	0.010882	0.003240	0.009470	0.000001	0.037450	
0.076072	0.006213	1040313	0.010073	0.003254	0.009063	0.000001	0.036917	
0.076072	0.005395	1040340	0.011010	0.003256	0.008923	0.000002	0.037306	
0.076072	0.005973	1040353	0.010495	0.003252	0.008883	0.000001	0.036795	
0.076072	0.004123	1040263	0.010969	0.003260	0.010244	0.000001	0.037361	
0.076072	0.004156	1040400	0.011407	0.003246	0.009791	0.000001	0.036962	
0.076073	0.003079	1040511	0.010952	0.003257	0.011309	0.000001	0.037337	
0.076073	0.006777	1040409	0.010160	0.003227	0.008440	0.000001	0.037147	
0.076072	0.004874	1040348	0.011490	0.003155	0.009072	0.000001	0.036748	
0.076072	0.005449	1040280	0.011344	0.003037	0.008768	0.000002	0.037645	
0.076071	0.003770	1040283	0.010959	0.003261	0.010607	0.000001	0.036726	
0.076072	0.005226	1040341	0.010162	0.003254	0.009955	0.000001	0.037892	
0.076073	0.004828	1040536	0.011004	0.003256	0.009500	0.000003	0.037485	
0.076073	0.005308	1040335	0.010987	0.003254	0.009051	0.000001	0.037095	
0.076072	0.003432	1040434	0.010958	0.003252	0.010953	0.000001	0.037413	
0.076072	0.005911	1040381	0.010952	0.003253	0.008486	0.000001	0.037673	
0.076073	0.004875	1040442	0.011005	0.003259	0.009443	0.000003	0.037203	
0.076072	0.004153	1040280	0.011535	0.003256	0.009649	0.000002	0.037025	
0.076072	0.004320	1040326	0.010917	0.003254	0.010089	0.000003	0.036841	
0.076071	0.005212	1040393	0.010450	0.003252	0.009682	0.000001	0.036800	
0.076072	0.005374	1040493	0.010947	0.003254	0.008986	0.000003	0.037303	
0.076072	0.003410	1040300	0.011539	0.003253	0.010394	0.000002	0.037474	
0.076072	0.004917	1040400	0.010750	0.003252	0.009682	0.000001	0.037396	
0.076072	0.005466	1040374	0.010324	0.003253	0.009558	0.000001	0.037230	
0.076072	0.005127	1040363	0.010875	0.003237	0.009363	0.000001	0.037052	
0.076072	0.003224	1040360	0.011421	0.003254	0.010698	0.000001	0.036957	
0.076072	0.004371	1040161	0.010896	0.003255	0.010065	0.000002	0.037471	
0.076072	0.003260	1040379	0.012129	0.003231	0.009972	0.000002	0.037597	
0.076072	0.004540	1040322	0.010838	0.003248	0.009978	0.000001	0.037354	
0.076072	0.006098	1040384	0.010396	0.003254	0.008851	0.000001	0.037673	
0.076072	0.004033	1040395	0.011020	0.003253	0.010243	0.000004	0.037650	
0.076072	0.006183	1040298	0.010454	0.003247	0.008714	0.000001	0.037549	
0.076072	0.004300	1040330	0.010886	0.003225	0.010188	0.000001	0.037833	
0.076072	0.004260	1040498	0.011549	0.003256	0.009515	0.000003	0.037233	
0.076072	0.004465	1040289	0.010942	0.003252	0.009939	0.000001	0.037229	
0.076072	0.003696	1040451	0.011485	0.003251	0.010167	0.000001	0.037201	
0.076072	0.005900	1040574	0.010639	0.003255	0.008808	0.000001	0.036960	
0.076072	0.003631	1040364	0.011516	0.003257	0.010191	0.000001	0.036730	
0.076072	0.003481	1040365	0.011007	0.003231	0.010857	0.000003	0.037288	
0.076072	0.005800	1040490	0.010248	0.003256	0.009299	0.000001	0.038039	
0.076072	0.003757	1040415	0.011038	0.003254	0.010514	0.000003	0.037185	
0.076072	0.003565	1040459	0.011516	0.003250	0.010259	0.000002	0.037233	
0.076072	0.003944	1040403	0.010956	0.003237	0.010461	0.000001	0.037378	
0.076072	0.004287	1040418	0.011519	0.003029	0.009768	0.000001	0.037420	
0.076072	0.004789	1040383	0.010889	0.003256	0.009667	0.000001	0.037130	
0.076072	0.005997	1040460	0.010201	0.003229	0.009175	0.000001	0.037530	
0.076072	0.005075	1040418	0.010948	0.003255	0.009318	0.000001	0.037273	
0.076072	0.005435	1040415	0.010346	0.003256	0.009564	0.000001	0.037734	
0.076072	0.004617	1040330	0.011167	0.003232	0.009565	0.000003	0.038195	
0.076072	0.003794	1040374	0.011675	0.003101	0.010021	0.000002	0.036912	
0.076072	0.005009	1040293	0.010965	0.003247	0.009359	0.000004	0.036566	
0.076072	0.006926	1040303	0.009701	0.003258	0.008717	0.000001	0.037279	
0.076072	0.003320	1040472	0.010897	0.003251	0.011124	0.000002	0.038298	
0.076072	0.004254	1040439	0.011660	0.003046	0.009635	0.000001	0.037335	
0.076072	0.004789	1040324	0.010855	0.003255	0.009698	0.000002	0.036856	
0.076072	0.004441	1040489	0.012238	0.003165	0.008747	0.000002	0.037477	
0.076072	0.004229	1040401	0.010993	0.003260	0.010097	0.000003	0.036595	
0.076072	0.003216	1040307	0.012042	0.003160	0.010171	0.000002	0.037247	
0.076072	0.005483	1040534	0.010791	0.003252	0.009078	0.000001	0.037338	
0.076072	0.003707	1040285	0.011569	0.003253	0.010061	0.000002	0.037314	
0.076072	0.005722	1040485	0.010623	0.003242	0.009017	0.000001	0.036763	
0.076072	0.004959	1040364	0.011237	0.003037	0.009371	0.000001	0.037661	
0.076073	0.005194	1040333	0.010961	0.003253	0.009175	0.000002	0.037312	
0.076072	0.004404	1040545	0.011525	0.003063	0.009612	0.000001	0.037067	
0.076073	0.005280	1040281	0.010837	0.003252	0.009233	0.000001	0.037175	
0.076072	0.003415	1040244	0.011605	0.003169	0.010383	0.000003	0.036012	
0.076072	0.004301	1040433	0.011046	0.003244	0.009988	0.000004	0.037265	
0.076072	0.005949	1040318	0.010264	0.003252	0.009140	0.000001	0.035738	
0.076072	0.003495	1040334	0.010958	0.003254	0.010886	0.000002	0.036443	
0.076072	0.003916	1040498	0.011512	0.003089	0.010085	0.000001	0.035720	
0.076073	0.004808	1040391	0.010968	0.003253	0.009560	0.000002	0.036800	
0.076073	0.006021	1040376	0.010269	0.003250	0.009064	0.000001	0.036460	
0.076072	0.004370	1040461	0.010756	0.003256	0.010220	0.000001	0.037245	
0.076072	0.006892	1040209	0.009668	0.003259	0.008783	0.000001	0.039109	
0.076072	0.004471	1040239	0.011060	0.003238	0.009804	0.000003	0.037319	
0.076072	0.004386	1040374	0.011474	0.003256	0.009468	0.000003	0.036669	
0.076072	0.003923	1040537	0.010857	0.003253	0.010565	0.000002	0.037246	
0.076072	0.004404	1040422	0.011406	0.003253	0.009533	0.000001	0.036654	
0.076072	0.004695	1040453	0.010976	0.003254	0.009661	0.000003	0.037664	
0.076072	0.004464	1040397	0.011454	0.003249	0.009427	0.000002	0.037799	
0.076073	0.004704	1040346	0.010894	0.003229	0.009774	0.000001	0.037276	
